183 183 182 181 177 174 172 170 170 170 170 170 171 173 177 180 182 183 183 183 183 183 182 178 175 172 171 170 170 170 170 171 173 176 180 182 183 183 183 183 183 182 179 176 173 171 170 170 170 170 171 172 175 179 181 183 183 183 183 183 182 180 176 173 171 170 170 170 170 171 171 175 178 181 182 183 183 183 183 182 181 177 174 172 170 170 170 170 171 171 174 177 180 182 183 183 183 183 183 182 178 174 172 171 170 170 170 170 171 173 177 182 180 177 173 171 170 170 170 170 171 171 174 178 181 182 183 183
183 183 182 181 177 174 172 170 170 170 170 170 171 173 177 180 182 183 183 183 183 183 182 178 175 172 171 170 170 170 170 171 173 176 180 182 183 183 183 183 183 182 179 176 173 171 170 170 170 170 171 172 175 179 181 183 183 183 183 183 182 180 176 173 171 170 170 170 170 171 171 175 178 181 182 183 183 183 183 182 181 177 174 172 170 170 170 170 171 171 174 177 180 182 183 183 183 183 183 182 178 174 172 171 170 170 170 170 171 173 177
231 231 231 231 230 230 230 230 230 230 230 230 230 230 230 229 229 229 229 229 228 228 227 227 226 226 225 225 224 224 223 223 223 222 222 221 221 220 220 220 219 219 219 219 218 218 218 218 217 217 217 217 217 216 216 216 216 216 216 216 216 216 216 215 215 215 215 215 215 215 215 215 215 215 215 215 216 218 222 225 227 228 228 228 228 227 227 223 219 216 214 214 214 214 214 215 216 220 224 226 227 227 227 227 226 226 222 218 215 213 213 213 213 213 213 214 218 222 224 226 226 226 226 225 225 222 218 215
213 212 211 211 212 212 213 216 220 223 224 225 225 225 224 224 222 218 214 212 210 210 210 210 210 211 214 218 222 224 224 225 224 224 223 222 218 214 211 209 209 209 209 209 210 212 216 220 222 223 224 223 223 222 222 218 214 210 209 208 208 208 208 209 210 214 218 221 222 223 222 222 221 221 218 214 210 208 207 206 207 207 207 208 212 216 219 221 221 221 221 220 220 218 213 209 207 206 205 206 206 206 207 210 214 217 219 220 220 220 219 219 218 213 209 206 205 204 205 205 205 206 208 212 216 218 219 219
219 218 218 217 213 209 206 204 204 204 204 204 205 206 210 214 216 218 218 218 217 217 216 213 209 206 204 203 203 203 203 204 205 208 212 215 216 217 217 216 216 215 213 209 206 203 202 202 202 202 203 204 207 211 214 215 216 216 216 215 214 213 209 205 203 202 201 201 202 202 203 205 209 212 214 215 215 215 214 214 213 209 205 203 201 201 201 201 201 202 203 207 211 213 214 214 214 214 213 212 209 206 203 201 200 200 200 201 201 202 206 209 212 213 213 213 213 212 212 210 206 202 200 200 199 200 200 200
201 204 208 211 212 213 213 212 212 211 210 206 202 200 199 199 199 199 200 200 203 206 209 211 212 212 212 211 211 210 206 202 200 199 198 198 198 199 199 201 205 208 210 211 211 211 210 210 209 206 202 200 198 197 197 198 198 199 199 203 207 209 210 210 210 210 209 208 206 202 199 197 197 197 197 197 198 198 202 205 208 209 209 209 209 208 208 206 202 199 197 196 196 196 196 197 197 200 203 206 208 208 208 208 207 207 206 202 199 196 195 195 195 195 196 196 198 202 205 206 207 208 207 207 206 205 202 199
196 194 194 194 194 195 195 196 200 203 205 206 207 206 206 205 205 202 199 196 194 193 193 193 194 194 195 198 202 204 205 206 205 205 205 204 202 199 195 193 193 192 193 193 193 194 197 200 203 204 205 205 204 204 203 203 199 195 193 192 192 192 192 193 193 195 199 202 203 204 204 204 203 203 202 199 195 193 192 191 191 191 192 192 194 197 200 202 203 204 203 203 202 202 199 196 193 191 190 190 191 191 192 192 196 199 201 203 203 203 202 202 201 200 196 192 191 190 190 190 190 191 191 194 198 200 202 202
202 202 201 201 200 196 192 190 189 189 189 189 190 190 193 196 199 201 202 202 201 201 200 199 196 192 190 189 188 188 188 189 189 191 195 198 200 201 201 201 200 200 199 196 193 190 188 187 187 188 188 189 189 193 197 199 200 200 200 200 199 198 197 193 189 188 187 187 187 187 188 189 192 195 198 199 200 200 199 199 198 197 193 190 187 186 186 186 187 187 188 190 194 197 199 199 199 199 198 198 197 194 190 187 186 186 186 186 187 187 189 193 196 198 199 199 199 198 197 197 194 190 187 186 185 185 185 186
186 187 191 195 197 198 198 198 198 197 196 194 190 187 185 185 184 185 185 186 186 190 193 196 197 198 198 197 197 196 195 191 187 185 184 184 184 184 185 186 188 192 195 196 197 197 197 196 196 195 191 187 185 184 183 183 184 184 185 187 191 194 196 197 197 196 196 195 195 192 188 185 183 183 183 183 184 184 185 189 193 195 196 196 196 196 195 194 192 188 185 183 182 182 183 183 184 184 188 192 194 195 196 196 195 195 194 193 189 185 183 182 182 182 183 185 187 189 190 190 190 190 190 190 189 189 189 187
187 187 187 187 188 188 188 188 188 189 189 189 189 189 189 189 189 189 188 188 187 187 187 187 187 187 187 188 188 189 189 189 189 189 189 189 189 188 187 187 187 187 187 187 187 187 187 188 188 188 188 188 188 188 188 188 188 187 187 186 186 186 186 186 186 186 187 188 188 188 188 188 188 188 188 187 187 186 186 186 186 186 186 186 186 186 187 187 187 187 187 187 187 187 187 186 186 186 185 185 185 185 185 185 186 186 187 187 187 187 187 187 187 187 186 186 185 185 185 185 185 185 185 185 186 186 187 187
187 187 187 187 186 186 185 185 185 185 185 185 185 185 185 185 186 186 186 186 186 186 186 186 186 185 185 184 184 184 184 184 184 184 185 185 186 186 186 186 186 186 186 186 185 184 184 184 184 184 184 184 184 184 185 185 186 186 186 186 186 186 185 185 184 184 184 184 184 184 184 184 184 184 185 185 185 185 185 185 185 185 185 184 184 183 183 183 183 183 183 183 184 184 185 185 185 185 185 185 185 185 184 184 183 183 183 183 183 183 183 183 184 184 184 184 185 185 185 185 184 184 183 183 183 183 183 183
183 183 183 184 184 184 184 184 184 184 184 184 184 183 183 183 182 182 182 182 182 183 183 184 184 184 184 184 184 184 184 183 183 182 182 182 182 182 182 182 182 183 183 184 184 184 184 184 184 183 183 182 182 181 181 182 182 182 182 182 183 184 184 184 184 184 183 183 183 183 182 181 181 181 181 181 181 182 182 182 183 183 183 183 183 183 183 183 183 182 182 181 181 181 181 181 181 181 182 183 183 183 183 183 183 183 183 183 182 182 181 181 181 181 181 181 181 181 182 183 183 183 183 183 183 183 183 182
182 181 181 181 181 181 181 181 181 182 182 182 183 183 183 183 183 183 182 182 181 181 181 181 181 181 181 181 181 182 182 182 182 182 182 182 182 182 182 181 181 181 181 181 180 180 180 181 181 182 182 182 182 182 182 182 182 182 181 181 180 180 180 180 180 180 180 181 181 182 182 182 182 182 182 182 181 181 180 180 180 180 180 180 180 180 181 181 181 182 182 182 182 182 182 181 181 180 180 180 180 180 180 180 180 180 181 181 181 181 182 182 182 182 181 181 180 180 180 180 180 180 180 180 180 181 181 181
181 181 181 181 181 181 181 180 180 180 180 180 180 180 180 180 180 181 181 181 181 181 181 181 181 181 180 180 180 180 179 179 179 179 179 180 181 181 181 181 181 181 181 181 181 180 180 180 179 179 179 179 179 179 180 180 181 181 181 181 181 181 181 181 180 180 180 179 179 179 179 179 179 180 180 181 181 181 181 181 181 181 181 180 180 179 179 179 179 179 179 179 179 180 181 181 181 181 181 181 181 181 180 180 179 179 179 179 179 179 179 179 180 180 181 181 181 181 181 181 181 180 179 179 179 179 179 179
179 179 179 179 180 180 180 180 180 180 180 180 180 179 179 179 178 178 178 178 178 179 179 180 180 180 180 180 180 180 180 180 179 179 178 178 178 178 178 178 178 179 180 180 180 180 180 180 180 180 180 179 179 178 178 178 178 178 178 178 178 179 180 180 180 180 180 180 180 180 179 179 178 178 178 178 178 178 178 178 179 179 180 180 180 180 180 180 180 179 179 178 178 178 178 178 178 178 178 179 179 180 180 180 180 180 180 180 180 179 178 178 178 178 178 178 178 178 178 179 180 180 180 180 180 180 180 180
179 178 178 178 178 178 178 178 178 178 179 179 180 180 180 180 180 180 180 179 178 178 178 178 178 178 178 178 178 179 179 180 180 180 180 180 180 180 179 178 178 178 178 178 178 178 178 178 179 179 179 180 180 180 180 180 179 179 178 178 178 178 178 178 178 178 178 178 179 179 180 180 180 180 180 180 180 179 178 178 178 178 178 178 178 178 178 179 179 180 180 180 180 180 180 179 179 178 178 178 178 178 178 178 178 178 179 179 180 180 180 180 180 180 180 179 178 178 178 178 178 178 178 178 178 179 179 180
180 180 180 180 180 180 179 178 178 178 178 178 178 178 178 178 178 179 179 180 180 180 180 180 180 179 179 178 178 178 178 178 178 178 178 178 179 179 180 180 180 180 180 180 180 179 178 178 178 178 178 178 178 178 178 179 179 180 180 180 180 180 180 180 179 178 178 178 178 178 178 178 178 178 179 179 179 180 180 180 180 180 180 179 179 178 178 178 178 178 178 178 178 178 179 179 180 180 180 180 180 180 179 179 178 178 178 178 178 178 178 178 178 179 180 180 180 180 180 180 179 179 179 178 178 178 178 178
178 178 178 178 179 179 180 180 180 180 180 180 179 179 178 177 177 177 177 178 178 178 178 179 180 180 180 180 180 180 180 179 179 178 177 177 177 177 178 178 178 178 179 180 180 180 180 180 180 180 179 179 178 177 177 177 177 177 178 178 178 178 179 180 180 180 180 180 180 179 179 178 177 177 177 177 177 177 178 178 178 179 180 180 180 180 180 180 179 179 179 178 177 177 177 177 177 178 178 178 179 180 180 180 180 180 179 179 179 179 178 177 177 177 177 177 177 178 178 179 179 180 180 180 180 179 179 179
179 178 177 177 177 177 177 177 177 178 178 179 180 180 180 180 179 179 179 179 178 177 177 177 177 177 177 177 177 178 179 179 180 180 180 179 179 179 179 178 177 177 177 177 177 177 177 177 178 179 179 179 179 179 179 179 179 179 179 178 178 177 177 177 177 177 177 177 178 178 179 179 179 179 179 179 179 179 178 178 178 177 177 177 177 177 177 178 178 179 179 179 179 179 179 179 179 178 178 178 177 177 177 177 177 177 178 178 179 179 179 179 179 179 179 179 179 178 178 178 177 177 177 177 177 177 178 178
179 179 179 179 179 179 179 179 178 178 177 177 177 177 177 177 177 178 178 179 179 179 179 179 179 179 179 178 178 177 177 177 177 177 177 177 178 178 179 179 179 179 179 179 179 179 178 178 177 177 177 177 177 177 177 177 178 178 179 179 179 179 179 179 179 178 178 178 177 177 177 177 177 177 177 178 178 178 179 179 179 179 179 179 178 178 178 177 177 177 177 177 177 177 178 178 178 179 179 179 179 179 179 179 178 178 177 177 177 177 177 177 177 177 178 178 178 179 179 179 179 179 179 178 178 177 177 177
177 177 177 177 177 178 178 178 179 179 179 179 179 179 178 178 177 177 177 177 177 177 177 177 178 178 178 178 179 179 179 179 179 178 178 177 177 177 177 177 177 177 177 177 178 178 178 178 178 179 179 179 178 178 177 177 177 177 177 177 177 177 177 178 178 178 178 178 178 178 178 178 178 177 177 177 177 177 177 177 177 177 177 178 178 178 178 178 178 178 178 178 177 177 177 177 177 177 177 177 177 177 178 178 178 178 178 178 178 178 178 177 177 177 177 177 177 177 177 177 177 178 178 178 178 178 178 178
178 178 177 177 177 177 177 177 176 177 177 177 177 178 178 178 178 178 178 178 178 178 177 177 177 177 177 177 177 177 177 177 178 178 178 178 178 178 178 178 178 177 177 177 177 177 177 177 177 177 177 178 178 178 178 178 178 178 178 178 177 177 177 177 177 176 176 176 176 177 177 178 178 178 178 178 178 178 178 177 177 177 177 177 176 176 176 176 177 177 178 178 178 178 178 178 178 178 178 177 177 177 177 177 177 177 177 177 177 178 178 178 178 178 178 178 178 178 177 177 177 177 177 177 177 177 177 177
178 178 178 178 178 178 178 178 178 177 177 177 177 177 177 177 177 177 177 178 178 178 178 178 178 178 178 178 178 177 177 177 177 177 177 177 177 177 178 178 178 178 178 178 178 178 178 178 177 177 177 177 177 177 177 177 177 177 178 178 178 178 178 178 178 178 178 177 177 177 177 177 177 177 177 177 177 178 178 178 178 178 178 178 178 178 177 177 177 177 177 177 177 177 177 177 178 178 178 178 178 178 178 178 178 177 177 177 177 177 176 176 176 176 177 177 178 178 178 178 178 178 178 178 178 177 177 177
177 177 177 177 177 177 177 178 178 178 178 178 178 178 178 178 177 177 177 177 177 176 176 176 177 177 178 178 178 178 178 178 178 178 178 177 177 177 177 177 176 176 176 177 177 178 178 178 178 178 178 178 178 178 177 177 177 177 177 177 177 177 177 177 178 178 178 178 178 178 178 178 178 178 177 177 177 177 177 177 177 177 177 177 178 178 178 178 178 178 178 178 178 177 177 177 177 177 177 177 177 177 177 178 178 178 178 178 178 178 178 178 177 177 177 177 177 177 177 177 177 177 178 178 178 178 178 178
178 178 178 178 177 177 177 177 177 177 177 177 177 178 178 178 178 178 178 178 178 178 178 177 177 177 177 177 177 177 177 177 177 178 178 178 178 178 178 178 178 178 177 177 177 177 177 177 177 177 177 177 178 178 178 178 178 178 178 178 178 177 177 177 177 177 177 177 177 177 177 177 178 178 178 178 178 178 178 178 177 177 177 177 177 177 177 177 177 177 177 178 178 178 178 178 178 178 178 177 177 177 177 177 177 177 177 177 177 177 178 178 178 178 178 178 178 178 177 177 177 177 177 177 177 177 177 177
177 178 178 178 178 178 178 178 178 177 177 177 177 177 177 177 177 177 177 177 178 178 178 178 178 178 178 178 178 177 177 177 177 177 177 177 177 177 177 177 178 178 178 178 178 178 178 178 177 177 177 177 177 177 177 177 177 177 177 178 178 178 178 178 178 178 178 178 177 177 177 177 177 177 177 177 177 177 178 178 178 178 178 178 178 178 178 177 177 177 177 177 177 177 177 177 177 178 178 178 178 178 178 178 178 178 177 177 177 177 177 177 177 177 177 177 178 178 178 178 178 178 178 178 178 177 177 177
177 177 177 177 177 177 177 177 178 178 178 178 178 178 178 178 178 177 177 177 177 177 177 177 177 177 177 178 178 178 178 178 178 178 178 178 177 177 177 177 177 177 177 177 177 177 178 178 178 178 178 178 178 178 178 177 177 177 177 177 177 177 177 177 177 178 178 178 178 178 178 178 178 178 177 177 177 177 177 177 177 177 177 177 177 178 178 178 178 178 178 178 178 178 177 177 177 177 177 177 177 177 177 177 178 178 178 178 178 178 178 178 178 177 177 177 177 177 177 177 177 177 177 178 178 178 178 178
178 178 178 178 177 177 177 177 177 177 177 177 177 177 178 178 178 178 178 178 178 178 178 177 177 177 177 177 177 177 177 177 177 177 178 178 178 178 178 178 178 178 178 177 177 177 177 177 177 177 177 177 177 178 178 178 178 178 178 178 178 178 177 177 177 177 177 177 177 177 177 177 178 178 178 178 178 178 178 178 178 177 177 177 177 177 177 177 177 177 177 178 178 178 178 178 178 178 178 178 177 177 177 177 177 177 177 177 177 177 178 178 178 178 178 178 178 178 178 178 177 177 177 177 177 177 177 177
